4 3 3 5 7
3 20 30 40
93 2592 7872 8208 1664 5599 9190 8030 5119 6782 5124 1585 5917 388 9998 1005 9231 2927 231 4407 6210 2913 5161 7002 5333 8060 2727 5752 419 3186 9668 5588 3533 3567 5142 6692 3846 4892 4675 5754 2407 4992 7191 6515 6673 4716 7867 7136 5454 8432 7605 2178 3725 6829 8730 8226 4156 6226 5237 1745 3857 1463 2015 3243 732 8540 5616 768 4908 4319 366 1051 4137 4919 7321 4624 3848 1796 1860 4214 9000 2012 9263 5404 6455 7728 1441 1638 7349 7139 2223 8833 1523 5170
3 20 30 40
60 4216 4192 6005 8965 4705 4388 317 9007 4977 6413 4515 9239 3170 2824 7855 9619 436 7849 2557 2500 2491 6724 1750 8473 6625 5964 1239 8638 2148 1782 7494 8493 8064 7089 3089 7277 773 96 8493 6875 9928 6698 4852 5880 5359 1189 6443 4647 9825 1468 6311 7564 5490 8800 1158 5658 3145 1123 4777 3316
90 8241 7803 9310 391 1468 2799 8179 4622 6818 1996 5141 5728 6984 7337 8629 6085 7683 3045 9162 7654 46 1013 3339 9208 9724 2985 4522 2573 3538 2832 8446 4770 2502 5481 9979 9932 460 411 9975 9696 8444 1334 5427 6113 4490 1744 3671 9251 7068 5058 1444 3072 9972 6653 9383 9544 5563 7430 4081 5899 7550 1739 2416 9056 7922 9427 3930 2422 2395 6959 3338 9013 2790 131 6590 9878 9713 6836 1886 6717 1212 9440 572 6380 9234 2395 3340 2861 7984 4755
11 3498 3105 753 5476 8241 4250 5274 5017 3867 3808 9245
55 909 4655 420 8034 2623 2711 1523 4308 6387 7513 5615 7895 7467 9648 2217 5226 134 4443 6367 8157 4388 390 147 6089 758 8131 3818 4612 3925 1866 9547 6213 2167 2917 3490 8592 3627 3319 53 202 9212 8108 8424 8941 871 3169 2420 5494 5357 1982 2333 7593 8158 70 525
17 6870 6385 5156 5185 3793 7521 9440 262 6998 7607 3774 2838 3766 9173 4079 3342 705
70 1297 763 1274 2891 5571 7077 3725 768 9883 1486 4421 9372 7157 5303 3078 164 5024 5655 5990 4219 251 8748 6186 5830 2254 7093 9259 3737 2311 2935 879 3950 4173 8713 5754 6803 2313 209 1352 8127 7311 3237 7440 147 3451 6783 9220 7450 226 5777 9664 3653 3147 1429 7387 448 7461 7738 5933 760 2287 5187 1638 6430 7407 5087 4027 3208 4116 7551
4 3 3 5 7
3 4749 2860 3067